$number of bonds for atom 2 and 3 : 
4 4
$dihedral terms with unknown parameters 9 : 
1) H11 C1 C2 C3     |    HGA3 CG331 CG321 CG331 
2) H11 C1 C2 H21     |    HGA3 CG331 CG321 HGA2 
3) H11 C1 C2 H22     |    HGA3 CG331 CG321 HGA2 
4) H12 C1 C2 H21     |    HGA3 CG331 CG321 HGA2 
5) H12 C1 C2 H22     |    HGA3 CG331 CG321 HGA2 
6) H12 C1 C2 C3     |    HGA3 CG331 CG321 CG331 
7) H13 C1 C2 H21     |    HGA3 CG331 CG321 HGA2 
8) H13 C1 C2 H22     |    HGA3 CG331 CG321 HGA2 
9) H13 C1 C2 C3     |    HGA3 CG331 CG321 CG331 
$fi1 einter1 fi2 einter2 ... eref 
-170.026 -0.302356 67.3373 1.02243 -48.7868 1.08814 -53.961 1.0682 -170.085 0.856569 68.6756 -0.331239 -173.469 0.856388 70.4066 1.02289 -50.8328 -0.304886 0.0566248
-160.02 -0.302461 76.8642 0.992345 -39.3119 1.12058 -45.271 1.09164 -161.447 0.859037 77.8448 -0.332804 -164.818 0.85852 79.0057 0.997811 -41.7024 -0.280644 0.211542
-150.033 -0.3041 86.6408 0.964772 -29.5363 1.14913 -35.8683 1.11572 -152.045 0.863126 87.4575 -0.330771 -155.436 0.862592 88.3871 0.970807 -32.11 -0.255595 0.388559
-140.03 -0.305594 96.7946 0.939875 -19.3868 1.16964 -25.525 1.1414 -141.706 0.87059 97.6508 -0.324843 -145.081 0.869452 98.7375 0.943504 -21.9053 -0.232695 0.512808
-129.994 -0.308986 107.421 0.918063 -8.84067 1.18204 -14.1597 1.16416 -130.421 0.882411 108.425 -0.318843 -133.909 0.879924 109.829 0.918121 -11.3244 -0.220747 0.560945
-120.042 -0.313224 118.125 0.899741 1.73412 1.18302 -2.2523 1.18174 -118.644 0.899367 119.58 -0.313527 -122.085 0.895341 121.524 0.896564 -0.252752 -0.219668 0.566973
-110.006 -0.319114 128.86 0.885167 12.6157 1.17303 9.52302 1.18641 -106.721 0.920711 130.657 -0.30934 -110.333 0.915315 133.422 0.879458 10.8007 -0.229382 0.56123
-100.008 -0.325176 139.336 0.874076 23.0395 1.15554 20.7822 1.17549 -95.5143 0.945649 141.438 -0.306406 -99.0498 0.938729 144.654 0.867901 21.6061 -0.245121 0.514124
-89.9698 -0.33143 149.5 0.866137 33.3904 1.13221 31.1579 1.15272 -84.9521 0.972887 151.688 -0.305205 -88.7956 0.964596 155.094 0.86088 31.7343 -0.266076 0.394439
-79.9582 -0.33404 159.296 0.860777 43.1238 1.10575 40.6032 1.12127 -75.5692 1.00006 161.349 -0.303418 -79.3762 0.991199 164.451 0.857247 41.3694 -0.286975 0.215996
-69.9862 -0.33246 168.681 0.857471 52.5963 1.07654 49.4078 1.08856 -66.6772 1.02752 170.74 -0.303094 -70.7404 1.01811 173.175 0.855644 50.5921 -0.306563 0.0592522
-59.9018 -0.322123 178.127 0.85601 61.9642 1.04724 57.8132 1.05559 -58.3499 1.05417 179.784 -0.301921 -62.4056 1.04582 -178.569 0.856144 59.5654 -0.321516 -0.00489497
-49.9535 -0.30436 -172.534 0.856173 71.2293 1.01797 66.3014 1.02458 -49.9352 1.08108 -171.118 -0.302177 -53.9694 1.07415 -170.206 0.857691 68.6112 -0.332028 0.0535727
-40.0222 -0.279177 -163.1 0.858444 80.7554 0.988885 75.0894 0.995502 -41.0552 1.10681 -161.833 -0.301564 -45.2437 1.10308 -161.388 0.860214 77.834 -0.334796 0.207538
-30.0042 -0.25497 -153.344 0.86266 90.4423 0.962186 84.5416 0.968185 -31.6724 1.13357 -152.119 -0.302921 -35.8367 1.13188 -152.051 0.865535 87.5028 -0.333977 0.389301
-19.9937 -0.23511 -143.187 0.870178 100.561 0.937154 94.9308 0.94251 -21.3216 1.15643 -141.876 -0.30427 -25.4663 1.15721 -141.719 0.872862 97.727 -0.328034 0.517445
-9.99311 -0.22414 -132.67 0.880868 111.076 0.914772 106.313 0.919028 -9.94099 1.1741 -131.01 -0.307882 -14.0631 1.17636 -130.317 0.884141 108.614 -0.320577 0.562582
-0.0230397 -0.220233 -121.875 0.895792 121.86 0.895775 118.336 0.899642 2.07099 1.18259 -119.812 -0.313874 -2.06032 1.1823 -118.326 0.899454 119.792 -0.313606 0.567243
9.95508 -0.224469 -111.122 0.914681 132.683 0.880844 130.285 0.884163 14.0895 1.17619 -108.638 -0.320644 9.8968 1.17548 -106.298 0.919217 130.974 -0.30806 0.561863
20.0534 -0.235665 -100.588 0.937266 143.235 0.870042 141.561 0.873051 25.3834 1.15712 -97.7977 -0.32782 21.2185 1.1579 -94.9587 0.942403 141.86 -0.304039 0.514367
29.9941 -0.255274 -90.4331 0.962158 153.353 0.862736 151.988 0.865288 35.7742 1.13112 -87.5843 -0.333337 31.6494 1.13359 -84.5649 0.96785 152.077 -0.302475 0.386749
39.9496 -0.279696 -80.763 0.989466 163.059 0.858381 161.452 0.860924 45.2743 1.10353 -77.8353 -0.335679 41.1008 1.10724 -75.0769 0.995158 161.813 -0.30192 0.207395
49.9795 -0.303502 -71.223 1.01807 172.621 0.856447 170.151 0.857312 53.995 1.07371 -68.6469 -0.331337 49.9032 1.08051 -66.2524 1.02461 171.106 -0.301821 0.0539572
59.9875 -0.321667 -61.8242 1.04796 -177.976 0.855946 178.58 0.855901 62.4277 1.04504 -59.6083 -0.321161 58.2891 1.05445 -57.8631 1.05514 -179.899 -0.301978 -0.00449845
70.0289 -0.332066 -52.5893 1.07668 -168.769 0.857337 -173.146 0.855744 70.6745 1.01774 -50.5279 -0.306328 66.6764 1.02743 -49.503 1.08785 -170.705 -0.302937 0.0598053
80.0081 -0.333925 -43.1072 1.10592 -159.243 0.86091 -164.462 0.85721 79.4025 0.990982 -41.3469 -0.286691 75.4902 1.00022 -40.6451 1.12134 -161.394 -0.303563 0.216122
90.0369 -0.331436 -33.199 1.13283 -149.49 0.866306 -155.01 0.860855 88.6985 0.964379 -31.7746 -0.266219 85.0927 0.972543 -31.1984 1.15222 -151.672 -0.305201 0.391929
100.011 -0.325295 -23.1428 1.15499 -139.353 0.873831 -144.649 0.867836 99.1407 0.93846 -21.4954 -0.246089 95.4264 0.945602 -20.7839 1.17453 -141.42 -0.30698 0.5142
109.983 -0.318777 -12.6227 1.17296 -128.921 0.885158 -133.413 0.879533 110.289 0.915494 -10.8074 -0.229033 106.769 0.920346 -9.52912 1.18532 -130.626 -0.309191 0.561422
119.991 -0.313568 -1.82165 1.18233 -118.081 0.899941 -121.595 0.896077 122.146 0.895274 0.217334 -0.220804 118.645 0.899009 2.38595 1.18234 -119.543 -0.313751 0.567286
130.008 -0.309371 8.88008 1.1817 -107.335 0.918341 -109.841 0.91799 133.943 0.880197 11.2868 -0.221845 130.429 0.882338 14.2137 1.16547 -108.443 -0.319665 0.561702
140.022 -0.306019 19.3681 1.17059 -96.8004 0.940041 -98.7033 0.943723 145.128 0.869587 21.9501 -0.233726 141.71 0.870599 25.5418 1.14123 -97.6363 -0.325647 0.51367
150.03 -0.303702 29.5354 1.15002 -86.5792 0.96508 -88.4295 0.970905 155.456 0.86261 32.0652 -0.255068 152.017 0.863288 35.9021 1.11536 -87.4886 -0.330176 0.388058
159.996 -0.302784 39.234 1.12106 -76.8556 0.992481 -79.0458 0.997831 164.865 0.858667 41.7159 -0.281136 161.383 0.85889 45.2938 1.09139 -77.8549 -0.333071 0.210389
169.92 -0.30274 48.7555 1.0885 -67.3911 1.02268 -70.3498 1.02343 173.504 0.856761 50.8144 -0.305071 170.074 0.856839 53.9276 1.06897 -68.7616 -0.331348 0.0555921
180 -0.302449 58.0495 1.05461 -58.0495 1.05461 -62.2029 1.04628 -178.302 0.85592 59.7476 -0.322291 178.302 0.85592 62.2029 1.04628 -59.7476 -0.322291 -0.00508567


180 -0.302449 58.0495 1.05461 -58.0495 1.05461 -62.2029 1.04628 -178.302 0.85592 59.7476 -0.322291 178.302 0.85592 62.2029 1.04628 -59.7476 -0.322291 -0.00438236