$number of bonds for atom 2 and 3 : 
4 4
$dihedral terms with unknown parameters 9 : 
1) H11 C1 C2 H21     |    HGA3 CG331 CG331 HGA3 
2) H11 C1 C2 H22     |    HGA3 CG331 CG331 HGA3 
3) H11 C1 C2 H23     |    HGA3 CG331 CG331 HGA3 
4) H12 C1 C2 H21     |    HGA3 CG331 CG331 HGA3 
5) H12 C1 C2 H22     |    HGA3 CG331 CG331 HGA3 
6) H12 C1 C2 H23     |    HGA3 CG331 CG331 HGA3 
7) H13 C1 C2 H21     |    HGA3 CG331 CG331 HGA3 
8) H13 C1 C2 H22     |    HGA3 CG331 CG331 HGA3 
9) H13 C1 C2 H23     |    HGA3 CG331 CG331 HGA3 
$fi1 einter1 fi2 einter2 ... eref 
-170.019 0.856558 69.0781 1.01428 -50.9678 1.07274 69.108 1.0142 -51.7944 1.06323 -171.84 0.856456 -50.9099 1.07299 -171.812 0.856363 68.1417 1.02245 0.0464941
-160.022 0.859887 78.2959 0.986511 -41.5809 1.10187 78.367 0.986109 -43.3151 1.08118 -163.192 0.858292 -41.5714 1.10169 -163.253 0.858385 76.8698 0.998633 0.160595
-150.024 0.865096 88.0526 0.960187 -31.9055 1.12692 87.9907 0.960479 -33.9327 1.1018 -153.891 0.862524 -31.9482 1.12737 -153.872 0.862385 86.1703 0.973014 0.285122
-139.958 0.873063 98.132 0.936421 -21.7317 1.14647 98.3068 0.93663 -23.6035 1.12309 -143.467 0.869774 -21.5935 1.14701 -143.504 0.869615 96.6325 0.946028 0.354965
-129.972 0.883493 108.977 0.915308 -10.9845 1.15769 108.945 0.915433 -12.1064 1.14398 -132.068 0.881465 -11.091 1.15753 -132.142 0.881185 107.896 0.920531 0.364227
-120.008 0.897338 120.036 0.897379 -0.0335505 1.15757 120.042 0.897327 0.0863179 1.15757 -119.983 0.897517 0.0161258 1.15839 -119.94 0.897706 119.991 0.897644 0.35462
-109.963 0.914517 130.98 0.883351 10.9842 1.14968 131.125 0.883063 12.0686 1.16049 -107.928 0.918396 11.1017 1.14981 -107.955 0.918722 132.049 0.880139 0.364049
-100.019 0.934451 141.654 0.872555 21.72 1.13382 141.714 0.872471 23.3866 1.1499 -96.5469 0.942449 21.7704 1.13404 -96.5569 0.942766 143.51 0.867994 0.355443
-90.0613 0.957901 151.853 0.864976 31.8746 1.11446 151.913 0.864925 33.828 1.12827 -86.1506 0.967914 31.8148 1.11417 -86.2707 0.967716 153.751 0.860699 0.281983
-80.0213 0.983884 161.527 0.859834 41.6244 1.09154 161.534 0.859851 43.0817 1.1013 -76.8206 0.993147 41.5264 1.09206 -76.9257 0.993461 163.172 0.856777 0.158955
-69.9662 1.01303 170.885 0.857022 50.8298 1.06832 170.879 0.856847 51.7307 1.07238 -68.3249 1.01842 50.9046 1.06827 -68.2438 1.01843 171.701 0.855263 0.0453812
-60.024 1.04388 -179.961 0.855602 59.9266 1.04304 180 0.855824 60.0634 1.04324 -60.0495 1.04268 59.9411 1.0434 -59.9956 1.04271 179.892 0.855263 0.000268529
-50.0522 1.07374 -170.84 0.855947 69.1041 1.01709 -170.904 0.856066 68.3077 1.01514 -51.7482 1.06733 69.0803 1.0171 -51.7075 1.06693 -171.763 0.856959 0.0456044
-40.0263 1.1022 -161.517 0.85832 78.4705 0.991041 -161.587 0.858124 76.9219 0.988409 -43.0907 1.09155 78.3948 0.990715 -43.0959 1.09119 -163.108 0.859842 0.157887
-29.9697 1.12636 -151.916 0.862749 88.089 0.965272 -151.917 0.862672 86.1366 0.962935 -33.8581 1.11475 88.117 0.965179 -33.8295 1.11516 -153.824 0.864661 0.283294
-19.9868 1.14454 -141.741 0.870575 98.2938 0.940494 -141.792 0.87051 96.4534 0.939024 -23.5118 1.1364 98.2352 0.940413 -23.519 1.13621 -143.484 0.871891 0.356148
-10.0871 1.15431 -131.083 0.881725 108.857 0.917463 -131.069 0.881726 107.935 0.916644 -12.1256 1.1519 108.912 0.917158 -12.0839 1.15181 -132.144 0.882372 0.364799
0.00254081 1.15841 -119.925 0.897419 119.96 0.897347 -119.919 0.897737 120.153 0.8973 0.0382978 1.15758 119.941 0.897591 0.0133934 1.15758 -120.102 0.897248 0.354935
9.99796 1.1539 -108.932 0.917399 131.046 0.881537 -108.789 0.917652 132.28 0.882475 12.2585 1.15151 131.116 0.88171 12.1853 1.15163 -107.837 0.916501 0.367177
19.9064 1.14373 -98.2446 0.940461 141.734 0.870346 -98.268 0.940494 143.581 0.871945 23.56 1.1366 141.76 0.870473 23.6087 1.13662 -96.4123 0.938966 0.357741
29.9456 1.12576 -88.1302 0.965129 151.915 0.862679 -88.0679 0.964991 153.856 0.864483 33.9015 1.11472 151.941 0.862672 33.865 1.11494 -86.0899 0.963081 0.284805
39.974 1.10231 -78.4055 0.991202 161.637 0.858136 -78.5034 0.991375 163.117 0.860222 43.1597 1.09135 161.56 0.858214 43.1805 1.09159 -76.7768 0.98829 0.160002
49.9591 1.07373 -69.1575 1.01772 170.792 0.856027 -69.1366 1.01734 171.747 0.857445 51.6962 1.06793 170.88 0.855726 51.7631 1.06753 -68.2875 1.01469 0.0448403
60.003 1.04307 -60.0319 1.04298 180 0.855549 -59.9651 1.04323 180 0.855698 60.0319 1.04298 180 0.855695 59.9651 1.04323 -60.003 1.04307 0.000275119
69.9237 1.01292 -50.8483 1.06786 -170.883 0.856812 -50.9299 1.06795 -171.702 0.855098 68.2636 1.01814 -170.933 0.85687 68.2955 1.01823 -51.7391 1.072 0.0460007
79.9918 0.983759 -41.5533 1.09168 -161.576 0.85985 -41.5713 1.09167 -163.116 0.856763 76.8606 0.993565 -161.517 0.859997 76.9383 0.993412 -43.0849 1.10222 0.158553
90.054 0.957854 -31.8219 1.11394 -151.88 0.864935 -31.8186 1.11392 -153.694 0.860489 86.2478 0.967515 -151.886 0.864809 86.2378 0.967409 -33.82 1.12786 0.280616
100.025 0.93421 -21.7667 1.13387 -141.668 0.872271 -21.6616 1.13391 -143.454 0.867989 96.6452 0.942335 -141.685 0.872375 96.5235 0.94249 -23.3777 1.14934 0.353844
110.028 0.914343 -11.0161 1.14976 -130.996 0.883412 -11.0084 1.14972 -132.053 0.880143 107.968 0.918639 -130.997 0.883154 107.959 0.918472 -12.0209 1.16062 0.362595
119.978 0.897578 -0.0363218 1.15839 -119.999 0.897561 -0.00936945 1.15839 -120.024 0.897659 120.013 0.897606 -119.992 0.897623 119.994 0.897706 0.0305676 1.15839 0.354617
130 0.883678 10.9827 1.15767 -108.934 0.915431 11.0141 1.15684 -108.004 0.920359 132.08 0.881095 -108.931 0.915307 132.051 0.881395 12.1351 1.14393 0.363498
140.031 0.873091 21.7321 1.14633 -98.2213 0.936483 21.7496 1.14715 -96.5489 0.946257 143.498 0.869856 -98.2305 0.936672 143.471 0.869659 23.5176 1.12298 0.356497
149.964 0.865334 31.873 1.12761 -88.0947 0.96043 31.9188 1.12786 -86.1723 0.973042 153.86 0.862596 -88.0516 0.960316 153.857 0.862429 33.8897 1.10165 0.282584
160.032 0.859761 41.6134 1.10169 -78.3783 0.986352 41.5657 1.10196 -76.8531 0.998691 163.155 0.858436 -78.3125 0.986306 163.269 0.858263 43.2769 1.08156 0.160394
170.005 0.856598 50.9098 1.07275 -69.1444 1.01377 50.9507 1.07284 -68.1443 1.0222 171.801 0.856206 -69.0961 1.01364 171.809 0.856017 51.7546 1.06206 0.0457453
-179.985 0.855568 60.0331 1.04303 -60.0125 1.04317 59.9878 1.04296 -59.9942 1.04306 179.96 0.855569 -60.0181 1.04317 180 0.855665 59.9544 1.04356 8.08738e-05


60.003 1.04307 -60.0319 1.04298 180 0.855549 -59.9651 1.04323 180 0.855698 60.0319 1.04298 180 0.855695 59.9651 1.04323 -60.003 1.04307 -9.54892e-07