$number of bonds for atom 2 and 3 : 
4 4
$dihedral terms with unknown parameters 9 : 
1) C1 C2 C3 C4     |    CG331 CG321 CG321 CG331 
2) C1 C2 C3 H31     |    CG331 CG321 CG321 HGA2 
3) C1 C2 C3 H32     |    CG331 CG321 CG321 HGA2 
4) H21 C2 C3 H31     |    HGA2 CG321 CG321 HGA2 
5) H21 C2 C3 H32     |    HGA2 CG321 CG321 HGA2 
6) H21 C2 C3 C4     |    HGA2 CG321 CG321 CG331 
7) H22 C2 C3 H31     |    HGA2 CG321 CG321 HGA2 
8) H22 C2 C3 H32     |    HGA2 CG321 CG321 HGA2 
9) H22 C2 C3 C4     |    HGA2 CG321 CG321 CG331 
$fi1 einter1 fi2 einter2 ... eref 
-170.004 0.016866 67.3081 -0.337084 -48.3898 -0.304214 -171.282 0.856354 73.0197 1.01919 -48.5944 -0.305475 -55.7043 1.0791 -171.402 0.855788 66.9837 -0.335486 -0.0832188
-159.978 0.0131734 76.6463 -0.34458 -39.0833 -0.268821 -162.56 0.858632 81.7105 0.991863 -39.1841 -0.270479 -46.8702 1.10873 -162.6 0.858196 76.5056 -0.342551 0.0154499
-149.998 0.00747553 86.4346 -0.343628 -29.3635 -0.230539 -153.121 0.862862 91.0804 0.964418 -29.5541 -0.232945 -37.4332 1.13919 -153.231 0.862535 86.1342 -0.342804 0.156384
-140.004 -0.000850023 96.5748 -0.338186 -19.3084 -0.201071 -142.918 0.870011 101.199 0.937775 -19.4971 -0.199957 -27.1855 1.16837 -143.069 0.869202 96.2356 -0.336859 0.282838
-130.002 -0.0105923 107.101 -0.331778 -8.84294 -0.1827 -132.168 0.881048 111.889 0.914213 -9.27064 -0.176879 -16.3633 1.19393 -132.307 0.879642 106.534 -0.330476 0.379633
-120.024 -0.0218014 117.864 -0.324761 1.88265 -0.181134 -120.801 0.896441 123.217 0.893639 1.31038 -0.171266 -4.91733 1.21068 -120.899 0.894272 117.194 -0.323577 0.449803
-109.974 -0.0305637 128.618 -0.320126 12.6135 -0.194154 -109.296 0.917007 134.7 0.877816 12.1116 -0.180806 6.53541 1.2159 -109.469 0.913798 127.943 -0.318397 0.514898
-100.011 -0.0319877 139.183 -0.316739 23.2703 -0.216852 -98.0824 0.942124 146.005 0.866621 22.7233 -0.202858 17.6718 1.20822 -98.241 0.937878 138.477 -0.31529 0.549206
-89.9589 -0.0118269 149.514 -0.314382 33.5287 -0.248994 -87.3935 0.970669 156.621 0.859392 33.1335 -0.23753 28.2635 1.18632 -87.7219 0.965277 148.79 -0.313223 0.531668
-79.9554 0.0536229 159.347 -0.31397 43.5134 -0.28326 -77.588 1.00178 166.578 0.855968 43.1091 -0.276905 38.042 1.15652 -77.792 0.996895 158.739 -0.312509 0.495776
-69.9936 0.184886 168.724 -0.313187 53.0414 -0.31372 -68.3507 1.0352 175.967 0.854608 52.9316 -0.313423 47.1761 1.12433 -68.5066 1.03221 168.458 -0.313698 0.511044
-59.9906 0.369793 177.789 -0.313295 62.3607 -0.336186 -59.7682 1.06908 -175.197 0.85558 62.4517 -0.336659 55.7444 1.08927 -59.6844 1.07071 177.964 -0.313814 0.615861
-50.033 0.579101 -173.121 -0.313035 71.6692 -0.348053 -51.2482 1.10445 -166.458 0.857992 71.8394 -0.347794 64.1568 1.05281 -51.0535 1.10919 -172.756 -0.31367 0.836028
-39.9436 0.760939 -163.72 -0.313253 81.0706 -0.350819 -42.6147 1.14218 -157.824 0.861983 81.162 -0.349879 72.6512 1.01819 -42.558 1.14441 -163.572 -0.313584 1.21037
-29.9779 0.836835 -154.129 -0.31427 90.8105 -0.34744 -33.3599 1.18237 -148.42 0.868201 90.7916 -0.346525 81.6084 0.986603 -33.4517 1.17778 -154.24 -0.314039 1.73361
-19.9413 0.804117 -143.978 -0.316502 101.111 -0.340279 -23.2958 1.21922 -138.207 0.877216 100.741 -0.340209 91.5453 0.957246 -23.3657 1.2073 -144.418 -0.315911 2.29632
-9.99035 0.737919 -133.403 -0.32057 111.903 -0.332188 -11.8854 1.24737 -126.58 0.89073 111.527 -0.331812 102.9 0.930909 -11.7942 1.23679 -133.688 -0.319862 2.69117
-0.00588061 0.755799 -122.346 -0.326611 122.89 -0.324623 0.310205 1.25768 -114.454 0.908818 122.65 -0.325029 114.989 0.908408 0.225636 1.24772 -122.67 -0.326221 2.81611
9.97979 0.863993 -111.313 -0.334726 133.886 -0.318643 12.3839 1.24699 -102.417 0.931454 133.677 -0.319377 127.052 0.890462 12.2507 1.23565 -111.655 -0.334027 2.66884
19.9801 0.985731 -100.598 -0.343765 144.569 -0.315127 23.5144 1.2219 -91.3184 0.958118 144.093 -0.315921 138.064 0.877359 23.2315 1.20538 -101.358 -0.341786 2.32986
29.9787 1.006 -90.4438 -0.352114 154.705 -0.31386 33.4771 1.19161 -81.3742 0.988658 153.9 -0.314178 147.975 0.867934 33.1237 1.16911 -91.6025 -0.347977 1.92526
40.0279 0.891616 -80.6816 -0.357219 164.409 -0.312938 42.586 1.15641 -72.3236 1.02116 163.295 -0.313936 157.116 0.861725 42.2069 1.1321 -82.174 -0.353339 1.55431
49.976 0.711871 -71.3284 -0.356338 173.729 -0.313057 51.2904 1.11677 -63.6526 1.05618 172.595 -0.314216 165.897 0.85755 50.9541 1.09683 -72.7985 -0.354831 1.22416
59.9944 0.505359 -62.0468 -0.347681 -177.146 -0.31353 59.9416 1.07535 -55.1579 1.09134 -178.017 -0.313687 174.815 0.855446 59.7154 1.06288 -63.144 -0.349043 0.905622
69.996 0.295075 -52.555 -0.326295 -168.132 -0.312828 68.7664 1.03525 -46.8108 1.1243 -168.683 -0.313846 -175.796 0.854612 68.627 1.02913 -53.2447 -0.331304 0.612346
77.592 0.15636 -45.2944 -0.303012 -161.013 -0.313397 75.7378 1.00726 -39.981 1.14722 -161.376 -0.313865 -168.529 0.855721 75.7521 1.00437 -45.6427 -0.308506 0.448795
90.0577 0.0104416 -32.9495 -0.253668 -148.954 -0.314309 87.8911 0.967048 -28.1137 1.18154 -149.102 -0.314447 -156.055 0.860238 87.9405 0.966279 -33.0476 -0.257518 0.340624
99.9599 -0.0284752 -22.6602 -0.216072 -138.753 -0.31698 98.4719 0.939672 -17.6208 1.20485 -138.908 -0.317109 -145.482 0.867723 98.4248 0.939231 -22.8623 -0.219645 0.35199
109.978 -0.0329354 -12.0041 -0.186611 -128.17 -0.320296 109.6 0.91588 -6.56579 1.21449 -128.418 -0.321017 -134.363 0.878634 109.472 0.914594 -12.3803 -0.191962 0.374479
119.998 -0.0242526 -1.34744 -0.170784 -117.38 -0.325638 120.946 0.896081 4.91375 1.20981 -117.708 -0.326643 -123.201 0.893851 120.766 0.89473 -1.8558 -0.175932 0.395567
130.022 -0.012473 9.27749 -0.169084 -106.554 -0.333058 132.258 0.880827 16.427 1.19211 -106.997 -0.333329 -112.076 0.91368 132.092 0.879337 8.66826 -0.176614 0.409579
139.974 -0.00186044 19.7255 -0.182438 -96.055 -0.340291 143.156 0.870234 27.3753 1.16546 -96.5956 -0.340698 -101.301 0.93748 142.918 0.868519 18.9472 -0.189895 0.382472
153.989 0.00947081 33.6927 -0.227153 -82.0167 -0.348441 157.279 0.860837 41.5695 1.12167 -82.425 -0.347823 -87.3275 0.975055 156.963 0.859544 32.9685 -0.231281 0.229589
160.003 0.0128268 39.4615 -0.249559 -76.1867 -0.349501 162.862 0.858857 47.2139 1.10402 -76.5961 -0.349258 -81.6881 0.992523 162.664 0.857327 38.8538 -0.251168 0.138205
170.025 0.0167227 48.8865 -0.287892 -66.7947 -0.345 171.82 0.856533 56.1386 1.07407 -67.0414 -0.345475 -72.725 1.02213 171.594 0.855331 48.4138 -0.288366 -0.00640402
179.999 0.0177698 58.0616 -0.318344 -57.6289 -0.330362 -179.813 0.855735 64.4962 1.04704 -57.8755 -0.330569 -64.2041 1.0505 -179.895 0.854968 57.7337 -0.317095 -0.0924609


-63.7072 0.294203 174.477 -0.313046 58.9751 -0.328977 -62.8411 1.05621 -178.343 0.855253 58.9751 -0.328977 52.6605 1.1011 -62.8411 1.05621 174.477 -0.313046 0.5652